Турова Ангелина
Физика, 4, 4, 5, 4, 5
Химия, 4, 5, 5, 4, 5
Биология, 5, 4, 4, 5, 5
Математика, 4, 5, 5, 4, 5
Физкультура, 5, 4, 4, 5, 5
История, 5, 5, 5, 4, 5

Котова Татьяна
Физика, 4, 4, 4, 4, 5
Химия, 4, 5, 5, 5, 5
Биология, 4, 4, 4, 5, 5
Математика, 4, 5, 4, 4, 5
Физкультура, 4, 4, 4, 4, 4
История, 5, 5, 5, 5, 5

Мухин Михаил
Физика, 2, 5, 3, 4, 5
Химия, 5, 4, 3, 5, 4
Биология, 5, 1, 2, 1, 5
Математика, 3, 1, 1, 4, 4
Физкультура, 3, 1, 4, 3, 1
История, 2, 4, 3, 5, 5

Рябов Сидор
Физика, 5, 4, 5, 4, 4
Химия, 4, 5, 5, 5, 4
Биология, 4, 5, 4, 4, 5
Математика, 5, 5, 5, 5, 4
Физкультура, 4, 4, 5, 5, 4
История, 5, 4, 5, 4, 4

Лапин Никита
Физика, 5, 4, 4, 4, 5
Химия, 4, 4, 5, 4, 4
Биология, 5, 5, 5, 4, 4
Математика, 4, 5, 4, 4, 4
Физкультура, 4, 5, 5, 5, 4
История, 5, 5, 5, 5, 5

Котова Динара
Физика, 5, 4, 5, 5, 4
Химия, 4, 5, 5, 4, 4
Биология, 4, 5, 4, 4, 5
Математика, 4, 4, 5, 5, 5
Физкультура, 5, 4, 4, 4, 4
История, 4, 4, 5, 5, 5

Волков Петр
Физика, 3, 4, 4, 3, 4
Химия, 1, 1, 5, 4, 1
Биология, 2, 2, 5, 3, 3
Математика, 4, 3, 4, 2, 4
Физкультура, 4, 3, 5, 5, 2
История, 4, 3, 2, 2, 2

Боброва Татьяна
Физика, 4, 5, 4, 4, 5
Химия, 4, 5, 4, 5, 4
Биология, 5, 5, 4, 5, 4
Математика, 4, 4, 4, 5, 4
Физкультура, 5, 5, 5, 5, 5
История, 5, 5, 5, 5, 5

Боброва Зинаида
Физика, 4, 1, 4, 3, 4
Химия, 5, 5, 3, 5, 4
Биология, 5, 3, 4, 5, 3
Математика, 1, 4, 5, 4, 2
Физкультура, 5, 4, 4, 4, 2
История, 1, 4, 5, 3, 5

Сидоров Иван
Физика, 5, 4, 4, 5, 4
Химия, 5, 5, 4, 4, 4
Биология, 5, 5, 4, 5, 5
Математика, 4, 4, 4, 5, 5
Физкультура, 4, 4, 5, 5, 5
История, 5, 5, 4, 5, 4

Боброва Ольга
Физика, 5, 4, 5, 5, 4
Химия, 5, 5, 5, 5, 4
Биология, 5, 5, 5, 5, 4
Математика, 5, 4, 5, 4, 4
Физкультура, 4, 4, 5, 5, 4
История, 4, 4, 5, 4, 5

Зыкова Динара
Физика, 4, 4, 1, 3, 2
Химия, 1, 3, 2, 1, 2
Биология, 5, 5, 3, 5, 1
Математика, 1, 2, 1, 3, 1
Физкультура, 4, 4, 1, 2, 1
История, 5, 1, 3, 5, 4

Носова София
Физика, 5, 4, 5, 5, 4
Химия, 2, 5, 5, 4, 1
Биология, 1, 2, 2, 3, 5
Математика, 5, 5, 1, 3, 3
Физкультура, 1, 2, 4, 1, 1
История, 2, 3, 1, 4, 3

Боброва Динара
Физика, 5, 3, 4, 2, 5
Химия, 2, 1, 4, 4, 1
Биология, 5, 3, 2, 5, 3
Математика, 4, 3, 5, 4, 3
Физкультура, 2, 3, 4, 3, 5
История, 4, 1, 4, 5, 5

Рябов Григорий
Физика, 2, 1, 1, 5, 2
Химия, 1, 1, 4, 5, 3
Биология, 5, 5, 4, 3, 5
Математика, 3, 1, 4, 5, 4
Физкультура, 5, 2, 1, 3, 3
История, 1, 1, 5, 3, 4

Боброва Елена
Физика, 4, 5, 5, 5, 4
Химия, 4, 4, 5, 5, 5
Биология, 5, 5, 5, 5, 4
Математика, 5, 5, 4, 5, 4
Физкультура, 5, 5, 5, 4, 5
История, 4, 4, 5, 4, 5

Егорова Татьяна
Физика, 1, 4, 4, 2, 4
Химия, 5, 5, 1, 4, 5
Биология, 3, 3, 1, 5, 2
Математика, 2, 2, 2, 5, 4
Физкультура, 5, 3, 5, 1, 1
История, 2, 2, 1, 2, 1

Зайцев Григорий
Физика, 2, 3, 2, 3, 1
Химия, 3, 5, 5, 3, 5
Биология, 1, 4, 2, 5, 3
Математика, 2, 4, 3, 3, 4
Физкультура, 2, 1, 1, 2, 2
История, 5, 5, 3, 1, 3

Сидоров Григорий
Физика, 5, 5, 5, 4, 5
Химия, 4, 5, 4, 5, 5
Биология, 4, 5, 5, 5, 4
Математика, 4, 4, 4, 5, 5
Физкультура, 5, 4, 4, 4, 4
История, 4, 5, 5, 4, 4

Осипов Сидор
Физика, 5, 4, 5, 4, 4
Химия, 4, 5, 5, 5, 4
Биология, 4, 5, 5, 5, 5
Математика, 4, 5, 4, 4, 5
Физкультура, 5, 5, 4, 4, 5
История, 4, 4, 5, 5, 4

Зыкова Ангелина
Физика, 3, 2, 3, 3, 3
Химия, 1, 3, 5, 3, 3
Биология, 2, 5, 2, 2, 3
Математика, 5, 5, 4, 3, 2
Физкультура, 2, 5, 5, 5, 5
История, 1, 5, 5, 4, 2

Мухин Григорий
Физика, 4, 5, 4, 5, 4
Химия, 4, 4, 4, 4, 4
Биология, 4, 4, 4, 4, 4
Математика, 5, 5, 5, 4, 5
Физкультура, 5, 5, 5, 5, 4
История, 5, 4, 4, 4, 4

Титова Зоя
Физика, 4, 4, 4, 4, 5
Химия, 4, 4, 5, 4, 4
Биология, 4, 4, 4, 4, 4
Математика, 5, 5, 5, 4, 5
Физкультура, 4, 4, 5, 4, 5
История, 4, 5, 4, 5, 4

Иванов Мансур
Физика, 1, 1, 3, 3, 5
Химия, 2, 5, 1, 5, 3
Биология, 5, 4, 4, 1, 3
Математика, 1, 1, 5, 4, 4
Физкультура, 3, 3, 3, 1, 2
История, 2, 1, 5, 4, 2

Егорова Изаура
Физика, 3, 3, 5, 4, 5
Химия, 2, 3, 3, 4, 4
Биология, 1, 3, 4, 2, 4
Математика, 1, 1, 3, 1, 3
Физкультура, 4, 3, 5, 3, 4
История, 4, 3, 2, 1, 5

Носова Ольга
Физика, 5, 2, 1, 4, 2
Химия, 1, 3, 1, 3, 5
Биология, 4, 1, 4, 3, 1
Математика, 4, 4, 4, 2, 1
Физкультура, 5, 2, 3, 4, 1
История, 3, 3, 5, 4, 4

Егорова Елена
Физика, 4, 4, 4, 5, 5
Химия, 5, 4, 4, 5, 5
Биология, 5, 5, 4, 5, 4
Математика, 5, 4, 4, 4, 4
Физкультура, 4, 4, 4, 4, 5
История, 5, 4, 4, 5, 4

Титова Татьяна
Физика, 1, 1, 2, 4, 4
Химия, 5, 5, 3, 2, 2
Биология, 2, 5, 2, 1, 2
Математика, 3, 5, 4, 5, 1
Физкультура, 5, 1, 3, 2, 3
История, 1, 2, 5, 4, 4

Белова София
Физика, 5, 1, 2, 1, 5
Химия, 5, 3, 2, 3, 3
Биология, 1, 3, 5, 2, 1
Математика, 5, 2, 2, 1, 3
Физкультура, 1, 1, 5, 1, 3
История, 3, 1, 3, 2, 1

Лапин Сидор
Физика, 4, 5, 5, 4, 4
Химия, 5, 4, 4, 5, 5
Биология, 4, 5, 5, 4, 5
Математика, 5, 5, 4, 4, 5
Физкультура, 4, 4, 4, 5, 4
История, 4, 4, 5, 4, 4

Турова София
Физика, 1, 1, 5, 5, 5
Химия, 4, 5, 4, 5, 5
Биология, 3, 4, 4, 3, 4
Математика, 5, 3, 3, 1, 4
Физкультура, 5, 2, 1, 2, 1
История, 2, 2, 5, 1, 5

Лапин Михаил
Физика, 5, 4, 4, 4, 5
Химия, 4, 4, 4, 4, 5
Биология, 5, 4, 4, 5, 4
Математика, 4, 5, 4, 4, 4
Физкультура, 4, 5, 5, 4, 5
История, 4, 5, 4, 4, 4

Рябов Никита
Физика, 5, 5, 5, 5, 4
Химия, 4, 5, 4, 4, 5
Биология, 5, 4, 5, 5, 4
Математика, 5, 4, 4, 4, 4
Физкультура, 4, 5, 5, 4, 5
История, 4, 5, 4, 5, 4

Волков Андрей
Физика, 4, 5, 5, 5, 4
Химия, 5, 5, 5, 5, 5
Биология, 5, 4, 5, 4, 4
Математика, 5, 5, 4, 4, 4
Физкультура, 4, 4, 4, 5, 5
История, 5, 4, 5, 4, 4

Титова Алина
Физика, 5, 5, 4, 5, 4
Химия, 5, 4, 4, 5, 5
Биология, 5, 4, 5, 5, 5
Математика, 4, 4, 5, 5, 4
Физкультура, 4, 4, 5, 5, 4
История, 5, 4, 4, 4, 4

Носова Зинаида
Физика, 5, 4, 5, 4, 5
Химия, 4, 4, 5, 4, 4
Биология, 4, 4, 5, 5, 4
Математика, 5, 5, 5, 5, 5
Физкультура, 5, 4, 5, 4, 4
История, 5, 5, 5, 5, 4

Боброва Изаура
Физика, 5, 5, 5, 5, 5
Химия, 4, 4, 5, 4, 4
Биология, 4, 5, 5, 5, 4
Математика, 4, 4, 5, 4, 5
Физкультура, 4, 4, 4, 5, 4
История, 4, 5, 5, 5, 5

Рябов Петр
Физика, 5, 2, 3, 2, 5
Химия, 2, 5, 1, 2, 4
Биология, 2, 3, 2, 5, 5
Математика, 5, 5, 3, 4, 2
Физкультура, 1, 2, 3, 4, 2
История, 3, 5, 3, 2, 2

Зыкова Татьяна
Физика, 4, 5, 4, 5, 5
Химия, 4, 4, 4, 4, 4
Биология, 5, 4, 4, 4, 4
Математика, 5, 4, 4, 4, 5
Физкультура, 4, 4, 5, 4, 5
История, 4, 4, 5, 4, 5

Лапин Иван
Физика, 4, 4, 5, 5, 5
Химия, 4, 5, 4, 4, 5
Биология, 4, 5, 5, 5, 4
Математика, 5, 5, 4, 4, 4
Физкультура, 4, 4, 4, 4, 4
История, 5, 4, 4, 4, 5

Зимина Зинаида
Физика, 4, 1, 1, 4, 3
Химия, 2, 4, 1, 3, 1
Биология, 4, 1, 1, 3, 2
Математика, 2, 5, 2, 5, 1
Физкультура, 2, 2, 4, 3, 3
История, 3, 3, 5, 1, 3

Носова Зоя
Физика, 5, 4, 5, 4, 4
Химия, 5, 5, 5, 5, 5
Биология, 4, 4, 5, 5, 4
Математика, 5, 4, 4, 4, 5
Физкультура, 5, 5, 4, 4, 5
История, 4, 4, 4, 4, 5

Мухин Иван
Физика, 2, 1, 3, 3, 5
Химия, 5, 4, 4, 4, 2
Биология, 4, 1, 3, 5, 4
Математика, 1, 5, 4, 2, 1
Физкультура, 2, 5, 3, 3, 2
История, 1, 1, 4, 2, 4

Зыкова Зинаида
Физика, 4, 4, 2, 3, 1
Химия, 3, 3, 2, 3, 5
Биология, 2, 4, 5, 4, 2
Математика, 5, 2, 3, 3, 1
Физкультура, 4, 4, 1, 3, 1
История, 3, 3, 3, 1, 3

Белова Зоя
Физика, 4, 2, 5, 4, 3
Химия, 4, 1, 2, 1, 3
Биология, 5, 3, 4, 4, 4
Математика, 5, 5, 5, 1, 3
Физкультура, 3, 5, 5, 2, 4
История, 5, 2, 4, 4, 4

Зайцев Никита
Физика, 4, 5, 4, 4, 4
Химия, 5, 5, 5, 4, 5
Биология, 4, 4, 5, 5, 4
Математика, 4, 4, 5, 5, 5
Физкультура, 4, 5, 5, 5, 4
История, 4, 5, 5, 5, 5

Зимина Татьяна
Физика, 4, 4, 5, 5, 5
Химия, 5, 4, 4, 4, 5
Биология, 5, 4, 5, 5, 5
Математика, 4, 4, 5, 5, 4
Физкультура, 4, 5, 5, 4, 5
История, 4, 5, 5, 4, 5

Зимина Елена
Физика, 5, 4, 3, 5, 4
Химия, 2, 3, 3, 5, 1
Биология, 5, 3, 3, 1, 3
Математика, 3, 5, 1, 1, 5
Физкультура, 1, 5, 4, 4, 2
История, 2, 5, 1, 3, 3

Белова Динара
Физика, 5, 5, 5, 5, 5
Химия, 5, 4, 5, 4, 4
Биология, 4, 4, 4, 4, 4
Математика, 5, 4, 4, 4, 4
Физкультура, 5, 4, 4, 4, 5
История, 5, 5, 5, 4, 5

Титова Зинаида
Физика, 2, 3, 3, 4, 3
Химия, 3, 2, 2, 1, 3
Биология, 2, 4, 1, 5, 5
Математика, 2, 5, 1, 5, 1
Физкультура, 2, 4, 2, 5, 1
История, 2, 1, 2, 3, 2

Лапин Ахмед
Физика, 4, 4, 5, 5, 4
Химия, 4, 5, 4, 5, 5
Биология, 4, 4, 5, 4, 5
Математика, 5, 4, 5, 5, 4
Физкультура, 5, 4, 5, 4, 5
История, 4, 5, 4, 5, 4

Волков Сидор
Физика, 5, 2, 4, 4, 5
Химия, 1, 4, 2, 5, 2
Биология, 5, 4, 3, 3, 5
Математика, 5, 5, 3, 5, 5
Физкультура, 2, 4, 3, 3, 5
История, 4, 1, 3, 4, 1

Лапин Мансур
Физика, 5, 5, 4, 5, 4
Химия, 4, 4, 5, 4, 4
Биология, 4, 5, 5, 5, 4
Математика, 5, 4, 4, 5, 4
Физкультура, 4, 5, 4, 5, 5
История, 4, 4, 4, 5, 5

Котова Ангелина
Физика, 4, 5, 5, 4, 5
Химия, 5, 4, 4, 4, 5
Биология, 4, 5, 5, 5, 4
Математика, 5, 4, 4, 5, 4
Физкультура, 4, 5, 4, 4, 4
История, 5, 4, 5, 4, 4

Петров Артем
Физика, 5, 5, 5, 5, 4
Химия, 5, 4, 4, 5, 4
Биология, 4, 5, 5, 5, 5
Математика, 4, 4, 5, 4, 5
Физкультура, 4, 5, 4, 4, 4
История, 4, 5, 5, 5, 4

Савина Зоя
Физика, 4, 4, 4, 4, 4
Химия, 5, 4, 4, 4, 4
Биология, 4, 4, 5, 4, 5
Математика, 5, 5, 5, 5, 4
Физкультура, 4, 5, 5, 4, 4
История, 4, 4, 5, 5, 4

Турова Елена
Физика, 4, 3, 5, 1, 4
Химия, 2, 5, 4, 2, 1
Биология, 1, 3, 3, 2, 1
Математика, 2, 5, 3, 2, 2
Физкультура, 1, 3, 4, 1, 5
История, 5, 3, 3, 4, 2

Петров Петр
Физика, 3, 1, 5, 1, 2
Химия, 3, 2, 3, 4, 2
Биология, 5, 2, 2, 3, 5
Математика, 3, 1, 3, 3, 1
Физкультура, 3, 2, 2, 5, 2
История, 3, 4, 5, 5, 4

Петров Андрей
Физика, 4, 5, 4, 4, 5
Химия, 5, 4, 5, 5, 4
Биология, 5, 5, 5, 5, 4
Математика, 4, 5, 5, 4, 4
Физкультура, 5, 4, 5, 4, 5
История, 4, 5, 4, 5, 4

Лапин Артем
Физика, 5, 5, 4, 4, 4
Химия, 4, 4, 4, 5, 4
Биология, 5, 4, 4, 5, 5
Математика, 4, 4, 4, 4, 4
Физкультура, 5, 5, 5, 5, 5
История, 4, 5, 4, 4, 5

Зыкова Елена
Физика, 1, 1, 5, 4, 2
Химия, 2, 5, 4, 4, 4
Биология, 5, 2, 5, 2, 2
Математика, 4, 4, 1, 3, 5
Физкультура, 3, 4, 4, 3, 1
История, 2, 5, 2, 5, 3

Петров Григорий
Физика, 5, 3, 4, 1, 1
Химия, 5, 5, 2, 1, 2
Биология, 1, 5, 3, 3, 2
Математика, 5, 2, 1, 4, 2
Физкультура, 1, 2, 1, 2, 1
История, 3, 2, 5, 4, 1

Волков Григорий
Физика, 1, 5, 1, 2, 2
Химия, 5, 4, 4, 3, 4
Биология, 4, 5, 4, 2, 5
Математика, 5, 1, 2, 1, 3
Физкультура, 4, 1, 1, 2, 1
История, 1, 2, 5, 4, 1

Турова Зинаида
Физика, 5, 4, 4, 4, 5
Химия, 4, 5, 4, 5, 4
Биология, 4, 4, 4, 5, 5
Математика, 5, 5, 5, 4, 5
Физкультура, 4, 4, 4, 5, 5
История, 5, 5, 5, 5, 5

Волков Ахмед
Физика, 4, 4, 5, 5, 5
Химия, 4, 4, 5, 5, 4
Биология, 5, 4, 4, 4, 5
Математика, 4, 4, 4, 5, 5
Физкультура, 4, 5, 5, 5, 5
История, 4, 5, 5, 4, 5

Иванов Григорий
Физика, 2, 4, 1, 1, 3
Химия, 2, 3, 5, 5, 3
Биология, 5, 1, 4, 3, 5
Математика, 2, 4, 5, 4, 4
Физкультура, 2, 3, 4, 1, 2
История, 2, 4, 1, 5, 5

Волков Михаил
Физика, 5, 4, 5, 5, 5
Химия, 4, 5, 4, 5, 4
Биология, 5, 4, 5, 5, 5
Математика, 5, 4, 5, 5, 5
Физкультура, 5, 4, 5, 4, 4
История, 5, 4, 4, 5, 4

Зыкова Алина
Физика, 5, 3, 3, 2, 5
Химия, 5, 5, 1, 1, 2
Биология, 3, 4, 1, 2, 2
Математика, 5, 5, 4, 5, 4
Физкультура, 1, 3, 3, 1, 1
История, 4, 5, 4, 2, 4

Лапин Андрей
Физика, 1, 2, 5, 2, 4
Химия, 1, 3, 5, 4, 3
Биология, 4, 2, 3, 3, 2
Математика, 4, 3, 5, 4, 4
Физкультура, 5, 3, 2, 3, 3
История, 5, 4, 1, 3, 1

Турова Алина
Физика, 5, 3, 1, 2, 2
Химия, 3, 2, 5, 1, 3
Биология, 1, 5, 1, 2, 2
Математика, 3, 5, 1, 1, 2
Физкультура, 5, 2, 4, 5, 1
История, 4, 3, 4, 3, 3

Лапин Григорий
Физика, 4, 4, 4, 5, 5
Химия, 4, 4, 5, 4, 5
Биология, 5, 4, 5, 5, 5
Математика, 4, 5, 4, 5, 4
Физкультура, 4, 4, 4, 4, 4
История, 5, 5, 5, 4, 4

Иванов Ахмед
Физика, 5, 5, 5, 4, 5
Химия, 5, 4, 4, 4, 5
Биология, 4, 5, 4, 5, 4
Математика, 4, 4, 4, 4, 5
Физкультура, 4, 5, 5, 4, 5
История, 4, 4, 5, 5, 4

Савина София
Физика, 5, 5, 5, 5, 4
Химия, 4, 5, 5, 5, 5
Биология, 4, 4, 4, 4, 4
Математика, 4, 4, 4, 5, 4
Физкультура, 4, 4, 4, 5, 4
История, 4, 4, 4, 5, 4

Рябов Иван
Физика, 3, 3, 4, 3, 3
Химия, 3, 2, 4, 3, 4
Биология, 4, 5, 5, 1, 3
Математика, 5, 5, 4, 4, 4
Физкультура, 4, 3, 3, 2, 5
История, 5, 2, 1, 3, 3

Зайцев Михаил
Физика, 4, 4, 5, 5, 5
Химия, 5, 4, 5, 4, 5
Биология, 4, 4, 5, 5, 4
Математика, 5, 4, 4, 4, 5
Физкультура, 5, 4, 4, 4, 4
История, 5, 4, 4, 4, 5

Егорова Ангелина
Физика, 4, 5, 4, 4, 5
Химия, 5, 5, 4, 5, 5
Биология, 4, 5, 4, 5, 5
Математика, 4, 4, 5, 5, 5
Физкультура, 5, 5, 5, 4, 4
История, 4, 4, 5, 5, 5

Белова Зинаида
Физика, 1, 3, 5, 5, 2
Химия, 3, 1, 4, 4, 5
Биология, 1, 2, 5, 1, 3
Математика, 2, 1, 2, 2, 1
Физкультура, 4, 5, 5, 4, 3
История, 2, 3, 3, 3, 1

Савина Зинаида
Физика, 2, 4, 4, 2, 3
Химия, 3, 1, 4, 3, 2
Биология, 2, 3, 1, 2, 3
Математика, 1, 1, 4, 3, 2
Физкультура, 2, 4, 4, 2, 5
История, 3, 3, 5, 2, 5

Носова Татьяна
Физика, 5, 5, 5, 5, 4
Химия, 5, 5, 4, 5, 5
Биология, 5, 5, 5, 5, 4
Математика, 5, 4, 5, 5, 4
Физкультура, 4, 5, 5, 4, 5
История, 4, 4, 4, 4, 4

Белова Изаура
Физика, 3, 4, 5, 4, 3
Химия, 5, 2, 5, 5, 3
Биология, 1, 5, 4, 4, 4
Математика, 5, 2, 1, 1, 3
Физкультура, 1, 2, 2, 4, 1
История, 2, 3, 5, 2, 2

