Егорова Изаура
Физика, 4, 2, 2, 1, 1
Химия, 3, 4, 2, 3, 3
Биология, 5, 4, 5, 1, 5
Математика, 1, 3, 5, 5, 5
Физкультура, 5, 1, 2, 2, 4
История, 4, 2, 4, 5, 3
Астрономия, нет

Титова Ольга
Физика, 5, 4, 2, 4, 5
Химия, 4, 5, 3, 3, 2
Биология, 3, 3, 5, 1, 5
Математика, 1, 5, 2, 1, 1
Физкультура, 2, 3, 5, 3, 4
История, 2, 2, 4, 4, 4
Астрономия, нет

Носова Зоя
Физика, 5, 5, 5, 5, 5
Химия, 5, 5, 5, 4, 5
Биология, 4, 4, 4, 4, 4
Математика, 5, 5, 5, 4, 5
Физкультура, 5, 5, 5, 4, 5
История, 5, 4, 5, 5, 5
Астрономия, нет

Зимина Зоя
Физика, 4, 4, 5, 4, 5
Химия, 5, 4, 5, 4, 4
Биология, 5, 4, 4, 5, 4
Математика, 4, 5, 4, 4, 5
Физкультура, 5, 5, 4, 4, 5
История, 5, 4, 5, 4, 4
Астрономия, нет

Сидоров Михаил
Физика, 3, 3, 3, 1, 3
Химия, 3, 1, 4, 4, 1
Биология, 5, 3, 1, 1, 4
Математика, 3, 2, 2, 4, 1
Физкультура, 3, 4, 1, 1, 2
История, 1, 3, 5, 1, 2
Астрономия, нет

Савина Ангелина
Физика, 1, 1, 5, 3, 4
Химия, 4, 5, 4, 5, 4
Биология, 1, 2, 3, 1, 5
Математика, 2, 4, 5, 1, 1
Физкультура, 1, 1, 1, 1, 3
История, 4, 2, 5, 1, 4
Астрономия, нет

Мухин Никита
Физика, 5, 5, 4, 4, 5
Химия, 5, 5, 5, 5, 5
Биология, 5, 4, 4, 5, 4
Математика, 5, 5, 5, 4, 4
Физкультура, 4, 5, 5, 4, 5
История, 4, 4, 5, 4, 5
Астрономия, нет

Осипов Никита
Физика, 3, 3, 2, 1, 2
Химия, 3, 2, 2, 4, 1
Биология, 1, 2, 5, 5, 1
Математика, 4, 2, 5, 4, 1
Физкультура, 1, 1, 1, 3, 3
История, 3, 1, 4, 2, 5
Астрономия, нет

Петров Иван
Физика, 4, 4, 5, 5, 4
Химия, 5, 5, 4, 4, 4
Биология, 4, 4, 5, 4, 4
Математика, 4, 4, 5, 5, 5
Физкультура, 5, 4, 4, 5, 5
История, 5, 4, 4, 4, 5
Астрономия, нет

Титова Елена
Физика, 4, 5, 5, 4, 4
Химия, 4, 5, 4, 5, 4
Биология, 5, 5, 5, 5, 4
Математика, 5, 4, 4, 5, 5
Физкультура, 5, 5, 5, 5, 5
История, 5, 4, 4, 4, 5
Астрономия, нет

Зуев Иван
Физика, 5, 3, 1, 5, 1
Химия, 3, 3, 2, 3, 2
Биология, 2, 2, 4, 4, 4
Математика, 2, 3, 1, 5, 5
Физкультура, 2, 1, 4, 1, 1
История, 2, 5, 3, 5, 5
Астрономия, нет

Мухин Андрей
Физика, 4, 1, 4, 4, 2
Химия, 2, 1, 4, 4, 1
Биология, 3, 3, 4, 2, 1
Математика, 3, 1, 5, 1, 5
Физкультура, 2, 3, 2, 5, 1
История, 2, 1, 5, 1, 5
Астрономия, нет

Осипов Сидор
Физика, 3, 4, 1, 5, 5
Химия, 5, 3, 2, 3, 2
Биология, 3, 5, 5, 5, 3
Математика, 2, 5, 3, 1, 5
Физкультура, 2, 4, 5, 1, 5
История, 5, 3, 3, 2, 3
Астрономия, нет

Титова Алина
Физика, 4, 5, 4, 4, 4
Химия, 5, 4, 4, 5, 4
Биология, 5, 5, 5, 5, 5
Математика, 4, 5, 4, 5, 4
Физкультура, 5, 5, 4, 5, 4
История, 5, 5, 4, 5, 5
Астрономия, нет

Боброва Изаура
Физика, 1, 4, 3, 4, 2
Химия, 3, 5, 3, 4, 1
Биология, 2, 3, 2, 5, 3
Математика, 3, 5, 5, 2, 3
Физкультура, 3, 1, 4, 5, 2
История, 4, 4, 5, 4, 1
Астрономия, нет

Турова Елена
Физика, 5, 4, 5, 4, 5
Химия, 4, 5, 4, 4, 5
Биология, 4, 4, 4, 5, 4
Математика, 4, 4, 5, 4, 4
Физкультура, 5, 4, 5, 4, 4
История, 4, 4, 5, 4, 5
Астрономия, нет

Зимина Ольга
Физика, 5, 5, 5, 4, 5
Химия, 4, 5, 5, 4, 4
Биология, 4, 5, 5, 5, 5
Математика, 4, 5, 4, 5, 4
Физкультура, 4, 5, 5, 4, 5
История, 4, 4, 5, 5, 4
Астрономия, нет

Петров Мансур
Физика, 5, 1, 2, 1, 4
Химия, 3, 2, 3, 2, 3
Биология, 5, 2, 3, 1, 1
Математика, 4, 5, 2, 1, 3
Физкультура, 2, 1, 5, 4, 1
История, 4, 5, 4, 5, 3
Астрономия, нет

Зыкова Зинаида
Физика, 5, 5, 5, 5, 4
Химия, 4, 5, 5, 5, 4
Биология, 5, 5, 4, 4, 5
Математика, 4, 5, 4, 5, 5
Физкультура, 5, 5, 5, 5, 4
История, 4, 4, 5, 4, 4
Астрономия, нет

Зайцев Ахмед
Физика, 4, 5, 4, 5, 5
Химия, 4, 5, 5, 4, 4
Биология, 5, 4, 4, 4, 5
Математика, 4, 4, 4, 5, 4
Физкультура, 4, 4, 4, 4, 5
История, 4, 5, 4, 5, 5
Астрономия, нет

Волков Артем
Физика, 2, 4, 3, 5, 5
Химия, 5, 4, 4, 4, 3
Биология, 2, 3, 4, 5, 5
Математика, 2, 2, 1, 1, 5
Физкультура, 1, 4, 2, 1, 4
История, 4, 4, 1, 5, 5
Астрономия, нет

Лапин Сидор
Физика, 4, 2, 2, 2, 3
Химия, 3, 1, 4, 1, 1
Биология, 3, 5, 2, 1, 3
Математика, 2, 4, 2, 5, 5
Физкультура, 2, 2, 2, 1, 3
История, 5, 3, 5, 3, 5
Астрономия, нет

Зайцев Артем
Физика, 4, 5, 5, 4, 4
Химия, 4, 4, 5, 5, 4
Биология, 4, 5, 5, 4, 4
Математика, 4, 4, 5, 5, 4
Физкультура, 4, 4, 4, 4, 5
История, 4, 4, 5, 5, 5
Астрономия, нет

Рябов Андрей
Физика, 5, 3, 5, 5, 1
Химия, 5, 1, 5, 2, 5
Биология, 5, 4, 3, 3, 3
Математика, 1, 5, 3, 3, 5
Физкультура, 5, 1, 1, 3, 3
История, 4, 5, 2, 3, 3
Астрономия, нет

Зуев Андрей
Физика, 4, 2, 1, 1, 2
Химия, 3, 2, 3, 2, 5
Биология, 5, 3, 5, 4, 4
Математика, 3, 3, 4, 4, 3
Физкультура, 2, 5, 5, 1, 1
История, 4, 2, 2, 2, 2
Астрономия, нет

Осипов Мансур
Физика, 3, 3, 4, 2, 3
Химия, 1, 4, 4, 3, 2
Биология, 2, 4, 1, 2, 3
Математика, 3, 5, 4, 5, 1
Физкультура, 3, 3, 1, 4, 3
История, 2, 2, 4, 4, 4
Астрономия, нет

Носова Татьяна
Физика, 5, 4, 2, 1, 5
Химия, 4, 1, 2, 2, 1
Биология, 5, 3, 2, 3, 4
Математика, 2, 2, 2, 3, 4
Физкультура, 4, 3, 5, 5, 1
История, 3, 3, 1, 4, 5
Астрономия, нет

Осипов Петр
Физика, 5, 4, 5, 5, 5
Химия, 5, 5, 5, 4, 4
Биология, 5, 4, 4, 5, 5
Математика, 4, 5, 4, 4, 4
Физкультура, 5, 5, 5, 5, 5
История, 4, 5, 5, 4, 5
Астрономия, нет

Петров Михаил
Физика, 5, 4, 5, 4, 5
Химия, 4, 4, 5, 5, 4
Биология, 4, 5, 5, 5, 4
Математика, 5, 4, 4, 5, 5
Физкультура, 4, 4, 4, 4, 4
История, 5, 5, 5, 4, 4
Астрономия, нет

Котова София
Физика, 4, 1, 3, 3, 4
Химия, 3, 1, 1, 5, 1
Биология, 4, 1, 1, 4, 1
Математика, 4, 1, 3, 3, 1
Физкультура, 4, 3, 3, 1, 1
История, 2, 4, 3, 1, 4
Астрономия, нет

Волков Ахмед
Физика, 5, 4, 4, 5, 4
Химия, 5, 5, 4, 5, 5
Биология, 4, 5, 4, 4, 5
Математика, 4, 4, 5, 4, 5
Физкультура, 5, 5, 4, 5, 5
История, 4, 5, 5, 5, 5
Астрономия, нет

Лапин Ахмед
Физика, 4, 5, 3, 4, 3
Химия, 1, 2, 4, 1, 2
Биология, 1, 4, 5, 2, 4
Математика, 5, 3, 2, 3, 3
Физкультура, 4, 1, 1, 5, 4
История, 3, 4, 5, 4, 3
Астрономия, нет

Савина Елена
Физика, 5, 4, 5, 4, 5
Химия, 4, 5, 5, 5, 4
Биология, 4, 4, 5, 4, 4
Математика, 5, 5, 4, 5, 4
Физкультура, 4, 5, 5, 5, 5
История, 5, 5, 5, 4, 5
Астрономия, нет

Зуев Петр
Физика, 4, 1, 3, 2, 2
Химия, 5, 3, 3, 3, 1
Биология, 1, 1, 1, 2, 4
Математика, 1, 3, 2, 3, 2
Физкультура, 5, 4, 5, 4, 3
История, 2, 5, 5, 2, 4
Астрономия, нет

Зуев Сидор
Физика, 4, 4, 5, 5, 4
Химия, 4, 4, 5, 5, 5
Биология, 5, 4, 5, 5, 4
Математика, 5, 5, 5, 4, 5
Физкультура, 4, 5, 4, 5, 5
История, 4, 5, 5, 4, 4
Астрономия, нет

Носова Ангелина
Физика, 5, 5, 4, 4, 5
Химия, 5, 4, 5, 5, 4
Биология, 5, 5, 5, 4, 4
Математика, 5, 5, 4, 5, 4
Физкультура, 4, 4, 5, 5, 4
История, 5, 4, 5, 4, 5
Астрономия, нет

Котова Изаура
Физика, 5, 5, 4, 5, 4
Химия, 5, 5, 5, 5, 5
Биология, 5, 5, 5, 4, 5
Математика, 4, 4, 5, 5, 4
Физкультура, 5, 5, 4, 4, 5
История, 5, 4, 4, 4, 5
Астрономия, нет

Титова Динара
Физика, 3, 3, 3, 3, 4
Химия, 5, 3, 5, 2, 5
Биология, 2, 4, 2, 3, 2
Математика, 2, 2, 5, 3, 3
Физкультура, 5, 3, 4, 2, 3
История, 1, 1, 1, 5, 3
Астрономия, нет

Зимина Изаура
Физика, 5, 4, 4, 5, 5
Химия, 5, 5, 5, 5, 5
Биология, 5, 5, 5, 5, 4
Математика, 5, 4, 4, 4, 5
Физкультура, 4, 4, 4, 5, 5
История, 5, 4, 5, 5, 4
Астрономия, нет

Зыкова Ольга
Физика, 5, 4, 3, 4, 4
Химия, 1, 4, 1, 3, 1
Биология, 4, 5, 4, 3, 1
Математика, 5, 5, 4, 1, 2
Физкультура, 4, 1, 3, 1, 2
История, 1, 3, 5, 5, 4
Астрономия, нет

Сидоров Артем
Физика, 2, 3, 2, 5, 3
Химия, 1, 3, 4, 5, 3
Биология, 3, 2, 1, 2, 1
Математика, 4, 3, 2, 2, 5
Физкультура, 1, 2, 3, 4, 5
История, 4, 4, 2, 5, 3
Астрономия, нет

Мухин Мансур
Физика, 4, 4, 5, 4, 4
Химия, 5, 4, 4, 5, 4
Биология, 4, 4, 4, 4, 5
Математика, 4, 5, 4, 4, 4
Физкультура, 4, 5, 5, 5, 5
История, 5, 5, 4, 4, 5
Астрономия, нет

Петров Сидор
Физика, 4, 1, 1, 1, 5
Химия, 1, 5, 3, 5, 4
Биология, 2, 5, 2, 1, 1
Математика, 4, 5, 1, 5, 3
Физкультура, 2, 4, 4, 3, 4
История, 5, 2, 1, 1, 5
Астрономия, нет

Петров Артем
Физика, 5, 5, 5, 5, 5
Химия, 5, 4, 4, 5, 4
Биология, 5, 4, 5, 4, 4
Математика, 4, 5, 4, 4, 5
Физкультура, 5, 4, 5, 5, 5
История, 4, 4, 4, 5, 4
Астрономия, нет

Зыкова Татьяна
Физика, 3, 1, 1, 5, 5
Химия, 2, 1, 2, 2, 2
Биология, 4, 1, 2, 2, 2
Математика, 5, 3, 5, 3, 5
Физкультура, 4, 5, 5, 1, 3
История, 5, 4, 3, 3, 5
Астрономия, нет

Зуев Михаил
Физика, 5, 2, 2, 2, 5
Химия, 2, 1, 4, 4, 3
Биология, 2, 4, 3, 1, 3
Математика, 5, 1, 5, 1, 4
Физкультура, 1, 4, 4, 3, 5
История, 2, 4, 4, 2, 5
Астрономия, нет

Зуев Григорий
Физика, 4, 5, 4, 4, 4
Химия, 5, 4, 5, 4, 5
Биология, 5, 5, 5, 4, 5
Математика, 5, 4, 4, 5, 4
Физкультура, 4, 4, 4, 4, 5
История, 4, 5, 5, 4, 5
Астрономия, нет

Егорова Алина
Физика, 5, 4, 4, 4, 4
Химия, 5, 5, 4, 4, 5
Биология, 5, 5, 5, 4, 4
Математика, 4, 4, 5, 4, 4
Физкультура, 5, 5, 5, 5, 4
История, 5, 4, 4, 5, 5
Астрономия, нет

Зайцев Иван
Физика, 4, 5, 5, 5, 5
Химия, 4, 4, 5, 5, 4
Биология, 4, 4, 4, 4, 4
Математика, 5, 5, 5, 5, 4
Физкультура, 4, 4, 4, 4, 4
История, 4, 5, 4, 4, 5
Астрономия, нет

Зайцев Мансур
Физика, 5, 3, 2, 1, 4
Химия, 1, 5, 2, 1, 5
Биология, 1, 5, 3, 3, 4
Математика, 2, 3, 5, 2, 1
Физкультура, 1, 5, 2, 4, 2
История, 2, 1, 3, 1, 3
Астрономия, нет

Турова Зинаида
Физика, 5, 4, 5, 5, 4
Химия, 5, 4, 4, 4, 5
Биология, 4, 5, 4, 4, 4
Математика, 4, 4, 5, 5, 4
Физкультура, 4, 5, 4, 4, 5
История, 5, 5, 4, 4, 4
Астрономия, нет

Сидоров Мансур
Физика, 2, 4, 4, 4, 1
Химия, 2, 2, 4, 5, 1
Биология, 3, 1, 3, 1, 4
Математика, 2, 2, 1, 4, 5
Физкультура, 1, 4, 2, 5, 3
История, 4, 5, 5, 4, 2
Астрономия, нет

Иванов Мансур
Физика, 1, 4, 3, 4, 2
Химия, 5, 5, 1, 2, 1
Биология, 1, 1, 5, 1, 5
Математика, 3, 4, 1, 2, 1
Физкультура, 4, 2, 5, 4, 3
История, 3, 4, 2, 3, 5
Астрономия, нет

Мухин Артем
Физика, 4, 5, 3, 4, 3
Химия, 5, 4, 4, 1, 3
Биология, 2, 4, 1, 3, 1
Математика, 5, 1, 4, 4, 2
Физкультура, 1, 2, 3, 2, 3
История, 4, 2, 3, 1, 3
Астрономия, нет

Боброва Алина
Физика, 4, 4, 5, 5, 5
Химия, 4, 4, 5, 4, 5
Биология, 4, 5, 4, 5, 5
Математика, 4, 4, 5, 4, 5
Физкультура, 4, 4, 4, 5, 5
История, 5, 5, 4, 4, 5
Астрономия, нет

Волков Петр
Физика, 5, 4, 5, 5, 5
Химия, 4, 5, 5, 4, 5
Биология, 5, 4, 5, 5, 5
Математика, 4, 4, 4, 5, 5
Физкультура, 5, 4, 4, 5, 5
История, 4, 5, 4, 4, 5
Астрономия, нет

Рябов Сидор
Физика, 4, 4, 5, 4, 4
Химия, 4, 4, 5, 4, 5
Биология, 5, 4, 5, 5, 5
Математика, 5, 5, 4, 4, 4
Физкультура, 5, 4, 4, 5, 4
История, 5, 5, 4, 4, 5
Астрономия, нет

Савина Изаура
Физика, 5, 4, 5, 5, 5
Химия, 4, 4, 4, 5, 5
Биология, 4, 5, 5, 5, 5
Математика, 4, 4, 5, 5, 4
Физкультура, 5, 4, 4, 4, 5
История, 4, 4, 5, 4, 5
Астрономия, нет

Титова Зинаида
Физика, 5, 4, 5, 5, 5
Химия, 4, 5, 5, 5, 4
Биология, 5, 4, 5, 5, 5
Математика, 5, 5, 4, 5, 5
Физкультура, 4, 5, 4, 5, 5
История, 4, 5, 5, 5, 5
Астрономия, нет

Котова Татьяна
Физика, 4, 4, 4, 5, 5
Химия, 5, 4, 5, 5, 5
Биология, 4, 4, 4, 5, 5
Математика, 5, 5, 4, 5, 4
Физкультура, 5, 4, 4, 5, 5
История, 5, 5, 4, 5, 5
Астрономия, нет

Котова Ольга
Физика, 3, 1, 1, 5, 2
Химия, 2, 3, 4, 3, 1
Биология, 1, 5, 2, 4, 1
Математика, 3, 1, 2, 5, 2
Физкультура, 5, 5, 4, 4, 1
История, 5, 1, 2, 5, 2
Астрономия, нет

Иванов Петр
Физика, 3, 1, 5, 3, 1
Химия, 5, 2, 2, 4, 1
Биология, 3, 2, 5, 4, 2
Математика, 1, 5, 2, 2, 3
Физкультура, 1, 4, 1, 4, 4
История, 3, 2, 2, 2, 3
Астрономия, нет

Сидоров Никита
Физика, 5, 5, 5, 4, 4
Химия, 4, 5, 4, 4, 4
Биология, 5, 5, 5, 5, 5
Математика, 5, 5, 5, 4, 5
Физкультура, 4, 5, 5, 4, 5
История, 5, 4, 4, 5, 4
Астрономия, нет

Лапин Иван
Физика, 2, 4, 4, 2, 1
Химия, 4, 1, 1, 1, 3
Биология, 2, 1, 4, 2, 1
Математика, 3, 3, 4, 1, 1
Физкультура, 4, 4, 3, 1, 2
История, 4, 1, 5, 4, 3
Астрономия, нет

Белова Зоя
Физика, 3, 2, 2, 2, 1
Химия, 3, 3, 3, 2, 3
Биология, 5, 2, 5, 5, 3
Математика, 3, 1, 2, 4, 1
Физкультура, 5, 2, 2, 2, 4
История, 4, 2, 4, 3, 4
Астрономия, нет

Сидоров Андрей
Физика, 5, 3, 4, 2, 4
Химия, 1, 3, 4, 3, 1
Биология, 1, 2, 1, 5, 1
Математика, 2, 3, 2, 5, 2
Физкультура, 5, 3, 5, 3, 3
История, 4, 2, 1, 2, 3
Астрономия, нет

Боброва Ольга
Физика, 3, 1, 5, 1, 4
Химия, 5, 3, 4, 4, 1
Биология, 3, 3, 1, 4, 3
Математика, 5, 5, 1, 3, 4
Физкультура, 2, 3, 2, 5, 1
История, 5, 1, 5, 2, 4
Астрономия, нет

Егорова Татьяна
Физика, 5, 4, 4, 4, 4
Химия, 5, 5, 4, 4, 4
Биология, 5, 4, 5, 5, 4
Математика, 4, 4, 4, 4, 5
Физкультура, 5, 5, 5, 5, 5
История, 5, 5, 4, 5, 4
Астрономия, нет

Сидоров Ахмед
Физика, 4, 4, 4, 4, 5
Химия, 4, 5, 5, 5, 5
Биология, 4, 4, 4, 4, 4
Математика, 5, 5, 5, 5, 4
Физкультура, 4, 5, 4, 5, 5
История, 4, 4, 5, 5, 4
Астрономия, нет

Иванов Григорий
Физика, 4, 5, 4, 5, 5
Химия, 5, 4, 4, 4, 4
Биология, 5, 4, 5, 5, 5
Математика, 5, 5, 5, 5, 5
Физкультура, 4, 5, 4, 5, 5
История, 4, 5, 5, 5, 4
Астрономия, нет

Лапин Михаил
Физика, 1, 1, 4, 5, 5
Химия, 4, 5, 4, 3, 2
Биология, 3, 4, 1, 5, 2
Математика, 5, 1, 5, 1, 4
Физкультура, 5, 3, 5, 1, 4
История, 3, 3, 5, 4, 4
Астрономия, нет

Титова Ангелина
Физика, 4, 2, 1, 5, 5
Химия, 1, 3, 1, 1, 5
Биология, 1, 3, 2, 1, 5
Математика, 1, 4, 5, 1, 4
Физкультура, 1, 4, 2, 3, 4
История, 4, 1, 1, 1, 3
Астрономия, нет

Осипов Григорий
Физика, 2, 5, 5, 1, 1
Химия, 2, 5, 2, 4, 5
Биология, 2, 4, 1, 2, 4
Математика, 1, 3, 3, 5, 5
Физкультура, 2, 2, 1, 3, 5
История, 4, 2, 2, 1, 5
Астрономия, нет

Титова Татьяна
Физика, 1, 5, 4, 1, 2
Химия, 2, 2, 5, 5, 2
Биология, 3, 2, 3, 5, 3
Математика, 5, 3, 2, 3, 5
Физкультура, 3, 2, 1, 2, 5
История, 2, 1, 1, 3, 3
Астрономия, нет

Осипов Ахмед
Физика, 5, 5, 4, 4, 4
Химия, 5, 4, 4, 4, 5
Биология, 4, 5, 5, 5, 5
Математика, 4, 4, 4, 4, 5
Физкультура, 4, 5, 5, 5, 4
История, 4, 5, 5, 4, 5
Астрономия, нет

Петров Ахмед
Физика, 5, 4, 5, 5, 5
Химия, 5, 5, 4, 4, 4
Биология, 5, 4, 4, 5, 5
Математика, 5, 4, 4, 4, 5
Физкультура, 4, 4, 4, 5, 4
История, 5, 4, 4, 4, 5
Астрономия, нет

Егорова Зинаида
Физика, 5, 1, 4, 2, 1
Химия, 5, 3, 1, 2, 3
Биология, 4, 3, 5, 2, 4
Математика, 1, 3, 3, 1, 2
Физкультура, 5, 4, 1, 1, 5
История, 1, 2, 2, 4, 4
Астрономия, нет

Турова Ангелина
Физика, 1, 4, 1, 3, 4
Химия, 3, 2, 5, 4, 4
Биология, 4, 4, 3, 5, 3
Математика, 4, 2, 2, 3, 4
Физкультура, 3, 1, 2, 2, 1
История, 3, 3, 5, 3, 4
Астрономия, нет

Белова Зинаида
Физика, 4, 4, 4, 5, 4
Химия, 5, 1, 5, 3, 1
Биология, 3, 4, 4, 4, 5
Математика, 5, 1, 4, 1, 5
Физкультура, 3, 2, 3, 1, 2
История, 5, 5, 4, 4, 5
Астрономия, нет

Зимина Алина
Физика, 5, 5, 5, 5, 4
Химия, 4, 5, 5, 4, 4
Биология, 4, 4, 4, 5, 5
Математика, 4, 5, 4, 4, 4
Физкультура, 5, 4, 4, 5, 4
История, 4, 4, 5, 4, 5
Астрономия, нет

Зайцев Петр
Физика, 4, 3, 4, 1, 4
Химия, 4, 3, 3, 4, 4
Биология, 2, 2, 1, 4, 3
Математика, 2, 5, 2, 1, 5
Физкультура, 2, 1, 1, 2, 2
История, 2, 3, 5, 1, 2
Астрономия, нет

Акулов Егор
Физика, нет
Химия, нет
Биология, нет
Математика, нет
Физкультура, нет
История, нет
Астрономия, 4

